,#time,susceptible,exposed,infectious,recovered,dead,immune,num infections today,num hospitalisations today,num hospitalisations today (data),hospital bed occupancy,cum dead,cum num hospitalisations today,cum infectious,cum num infections today
0,1,1122643,1246,4868,1584,2,0,1241,1,0.0,10,2,1,4868,1241
1,2,1121035,1614,5804,1888,2,0,1609,7,0.0,14,4,8,10672,2850
2,3,1119130,1911,7042,2257,3,0,1906,8,0.0,20,7,16,17714,4756
3,4,1116891,2247,8482,2719,4,0,2241,9,0.0,26,11,25,26196,6997
4,5,1114064,2835,10198,3242,4,0,2827,7,0.0,33,15,32,36394,9824
5,6,1110782,3297,12359,3901,4,0,3289,8,0.0,39,19,40,48753,13113
6,7,1106830,3975,14853,4681,4,0,3961,8,0.0,46,23,48,63606,17074
7,8,1102197,4665,17878,5599,4,0,4644,16,0.0,60,27,64,81484,21718
8,9,1096763,5474,21426,6674,6,0,5442,11,0.0,61,33,75,102910,27160
9,10,1090398,6423,25553,7961,8,0,6385,11,0.0,64,41,86,128463,33545
10,11,1083011,7471,30311,9540,10,0,7415,25,0.0,85,51,111,158774,40960
11,12,1074774,8351,35765,11442,11,0,8270,33,0.0,115,62,144,194539,49230
12,13,1065498,9437,41679,13718,11,0,9329,38,0.0,148,73,182,236218,58559
13,14,1056538,9160,48140,16491,14,0,9003,30,0.0,169,87,212,284358,67562
14,15,1046804,9988,53818,19719,14,0,9798,59,0.0,219,101,271,338176,77360
15,16,1036574,10549,59744,23457,19,0,10309,45,0.0,248,120,316,397920,87669
16,17,1026020,10954,65313,28035,21,0,10656,56,0.0,289,141,372,463233,98325
17,18,1015211,11306,70622,33181,23,0,10928,62,0.0,334,164,434,533855,109253
18,19,1004371,11447,75540,38958,27,0,10978,98,0.0,406,191,532,609395,120231
19,20,993714,11408,79637,45551,33,0,10830,101,0.0,480,224,633,689032,131061
20,21,982793,11805,82811,52893,41,0,11086,109,0.0,552,265,742,771843,142147
21,22,972227,11625,85837,60600,54,0,10789,122,0.0,627,319,864,857680,152936
22,23,961473,11971,87784,69047,68,0,10970,130,0.0,706,387,994,945464,163906
23,24,950786,12085,89342,78048,82,0,10953,156,0.0,809,469,1150,1034806,174859
24,25,940299,12048,90636,87267,93,0,10742,186,0.0,925,562,1336,1125442,185601
25,26,929783,12215,91079,97157,109,0,10787,195,0.0,1053,671,1531,1216521,196388
26,27,919280,12385,91460,107092,126,0,10831,193,0.0,1168,797,1724,1307981,207219
27,28,909122,12196,91705,117164,156,0,10466,194,0.0,1276,953,1918,1399686,217685
28,29,898722,12575,91497,127374,175,0,10726,233,0.0,1389,1128,2151,1491183,228411
29,30,888431,12627,91404,137690,191,0,10643,211,0.0,1459,1319,2362,1582587,239054
30,31,878179,12731,91278,147926,229,0,10636,209,0.0,1513,1548,2571,1673865,249690
31,32,867981,12851,91043,158199,269,0,10582,235,0.0,1608,1817,2806,1764908,260272
32,33,858091,12700,90634,168605,313,0,10309,239,0.0,1679,2130,3045,1855542,270581
33,34,848109,12931,89970,178978,355,0,10401,237,0.0,1743,2485,3282,1945512,280982
34,35,838332,12899,89471,189256,385,0,10217,223,0.0,1784,2870,3505,2034983,291199
35,36,828703,12904,88960,199352,424,0,10087,244,0.0,1845,3294,3749,2123943,301286
36,37,819144,12965,88360,209398,476,0,10024,230,0.0,1853,3770,3979,2212303,311310
37,38,809911,12793,87573,219537,529,0,9735,244,0.0,1867,4299,4223,2299876,321045
38,39,800879,12732,86673,229475,584,0,9516,236,0.0,1898,4883,4459,2386549,330561
39,40,791874,12812,85483,239535,639,0,9499,229,0.0,1911,5522,4688,2472032,340060
40,41,783013,12791,84412,249441,686,0,9374,239,0.0,1931,6208,4927,2556444,349434
41,42,774320,12673,83309,259295,746,0,9184,216,0.0,1928,6954,5143,2639753,358618
42,43,765926,12436,82043,269146,792,0,8919,236,0.0,1920,7746,5379,2721796,367537
43,44,757763,12253,80667,278811,849,0,8654,219,0.0,1861,8595,5598,2802463,376191
44,45,749754,12138,79296,288252,903,0,8547,228,0.0,1879,9498,5826,2881759,384738
45,46,741920,12060,77720,297693,950,0,8350,213,0.0,1874,10448,6039,2959479,393088
46,47,734449,11768,76214,306910,1002,0,8013,198,0.0,1849,11450,6237,3035693,401101
47,48,727053,11698,74666,315857,1069,0,7918,223,0.0,1832,12519,6460,3110359,409019
48,49,719796,11612,72880,324941,1114,0,7801,220,0.0,1837,13633,6680,3183239,416820
49,50,712693,11533,71281,333676,1160,0,7666,195,0.0,1821,14793,6875,3254520,424486
50,51,705829,11315,69772,342204,1223,0,7400,200,0.0,1797,16016,7075,3324292,431886
51,52,699338,10946,67981,350815,1263,0,7017,218,0.0,1785,17279,7293,3392273,438903
52,53,692856,10920,66255,358986,1326,0,6984,204,0.0,1762,18605,7497,3458528,445887
53,54,686664,10635,64735,366946,1363,0,6712,192,0.0,1752,19968,7689,3523263,452599
54,55,680543,10479,63129,374793,1399,0,6619,190,0.0,1729,21367,7879,3586392,459218
55,56,674730,10120,61413,382625,1455,0,6295,194,0.0,1704,22822,8073,3647805,465513
56,57,669048,9869,59847,390085,1494,0,6133,184,0.0,1679,24316,8257,3707652,471646
57,58,663440,9782,58043,397539,1539,0,6102,177,0.0,1638,25855,8434,3765695,477748
58,59,658027,9586,56432,404709,1589,0,5888,182,0.0,1600,27444,8616,3822127,483636
59,60,652920,9177,55032,411587,1627,0,5555,179,0.0,1579,29071,8795,3877159,489191
60,61,647919,9000,53310,418445,1669,0,5429,140,0.0,1531,30740,8935,3930469,494620
61,62,643178,8659,51744,425049,1713,0,5171,157,0.0,1489,32453,9092,3982213,499791
62,63,638568,8484,50089,431440,1762,0,5051,166,0.0,1447,34215,9258,4032302,504842
63,64,633996,8349,48523,437665,1810,0,4984,154,0.0,1412,36025,9412,4080825,509826
64,65,629667,8033,47143,443653,1847,0,4767,169,0.0,1391,37872,9581,4127968,514593
65,66,625570,7728,45667,449502,1876,0,4494,159,0.0,1385,39748,9740,4173635,519087
66,67,621649,7489,43951,455335,1919,0,4299,145,0.0,1366,41667,9885,4217586,523386
67,68,617942,7235,42357,460852,1957,0,4127,122,0.0,1332,43624,10007,4259943,527513
68,69,614348,7083,40858,466060,1994,0,3989,127,0.0,1306,45618,10134,4300801,531502
69,70,610913,6813,39419,471170,2028,0,3813,141,0.0,1290,47646,10275,4340220,535315
70,71,607625,6604,37776,476259,2079,0,3654,146,0.0,1252,49725,10421,4377996,538969
71,72,604478,6377,36351,481015,2122,0,3482,135,0.0,1230,51847,10556,4414347,542451
72,73,601385,6279,34779,485743,2157,0,3470,120,0.0,1196,54004,10676,4449126,545921
73,74,598501,5965,33419,490274,2184,0,3180,126,0.0,1188,56188,10802,4482545,549101
74,75,595772,5728,32023,494592,2228,0,3043,107,0.0,1148,58416,10909,4514568,552144
75,76,593203,5464,30728,498691,2257,0,2863,113,0.0,1118,60673,11022,4545296,555007
76,77,590723,5250,29450,502634,2286,0,2729,103,0.0,1085,62959,11125,4574746,557736
77,78,588361,5049,28127,506489,2317,0,2655,103,0.0,1041,65276,11228,4602873,560391
78,79,586157,4743,26924,510173,2346,0,2446,93,0.0,1009,67622,11321,4629797,562837
79,80,583953,4603,25675,513748,2364,0,2421,89,0.0,970,69986,11410,4655472,565258
80,81,581831,4388,24615,517110,2399,0,2330,76,0.0,917,72385,11486,4680087,567588
81,82,579876,4136,23527,520377,2427,0,2180,78,0.0,880,74812,11564,4703614,569768
82,83,578075,3852,22400,523560,2456,0,1999,91,0.0,863,77268,11655,4726014,571767
83,84,576267,3762,21376,526458,2480,0,2006,80,0.0,837,79748,11735,4747390,573773
84,85,574623,3507,20430,529282,2501,0,1837,86,0.0,807,82249,11821,4767820,575610
85,86,573013,3418,19391,531999,2522,0,1813,66,0.0,774,84771,11887,4787211,577423
86,87,571541,3233,18521,534504,2544,0,1670,63,0.0,747,87315,11950,4805732,579093
87,88,570080,3183,17514,536995,2571,0,1638,69,0.0,718,89886,12019,4823246,580731
88,89,568696,3039,16750,539271,2587,0,1548,62,0.0,698,92473,12081,4839996,582279
89,90,567362,2902,15863,541612,2604,0,1474,49,0.0,676,95077,12130,4855859,583753
90,91,566207,2683,15083,543746,2624,0,1320,51,0.0,630,97701,12181,4870942,585073
91,92,565059,2610,14308,545726,2640,0,1292,48,0.0,602,100341,12229,4885250,586365
92,93,563928,2537,13607,547611,2660,0,1289,49,0.0,577,103001,12278,4898857,587654
93,94,562896,2365,12934,549475,2673,0,1148,43,0.0,556,105674,12321,4911791,588802
94,95,561950,2183,12264,551260,2686,0,1053,42,0.0,540,108360,12363,4924055,589855
95,96,561000,2118,11651,552875,2699,0,1072,35,0.0,518,111059,12398,4935706,590927
96,97,560117,1997,10987,554525,2717,0,1000,32,0.0,476,113776,12430,4946693,591927
97,98,559285,1902,10444,555975,2737,0,943,40,0.0,460,116513,12470,4957137,592870
98,99,558511,1807,9871,557404,2750,0,876,37,0.0,447,119263,12507,4967008,593746
99,100,557745,1769,9341,558727,2761,0,881,24,0.0,419,122024,12531,4976349,594627
100,101,557035,1664,8906,559974,2764,0,805,44,0.0,421,124788,12575,4985255,595432
101,102,556281,1669,8460,561154,2779,0,857,40,0.0,408,127567,12615,4993715,596289
102,103,555603,1536,8086,562334,2784,0,742,27,0.0,403,130351,12642,5001801,597031
103,104,554974,1450,7745,563380,2794,0,711,25,0.0,386,133145,12667,5009546,597742
104,105,554381,1384,7373,564402,2803,0,683,18,0.0,359,135948,12685,5016919,598425
105,106,553778,1361,6960,565429,2815,0,675,20,0.0,333,138763,12705,5023879,599100
106,107,553200,1298,6638,566379,2828,0,652,22,0.0,321,141591,12727,5030517,599752
107,108,552680,1197,6355,567273,2838,0,575,18,0.0,306,144429,12745,5036872,600327
108,109,552207,1128,6075,568084,2849,0,537,15,0.0,295,147278,12760,5042947,600864
109,110,551698,1153,5772,568863,2857,0,581,24,0.0,290,150135,12784,5048719,601445
110,111,551256,1079,5538,569606,2864,0,524,26,0.0,284,152999,12810,5054257,601969
111,112,550818,1052,5231,570372,2870,0,491,18,0.0,270,155869,12828,5059488,602460
112,113,550406,987,5032,571043,2875,0,462,20,0.0,269,158744,12848,5064520,602922
113,114,550029,925,4807,571701,2881,0,430,15,0.0,260,161625,12863,5069327,603352
114,115,549628,915,4542,572373,2885,0,449,14,0.0,256,164510,12877,5073869,603801
115,116,549250,854,4348,573001,2890,0,417,12,0.0,246,167400,12889,5078217,604218
116,117,548929,779,4180,573561,2894,0,364,19,0.0,243,170294,12908,5082397,604582
117,118,548601,759,3954,574128,2901,0,373,14,0.0,233,173195,12922,5086351,604955
118,119,548284,733,3769,574651,2906,0,366,16,0.0,228,176101,12938,5090120,605321
119,120,547982,700,3579,575173,2909,0,337,16,0.0,225,179010,12954,5093699,605658
120,121,547723,645,3409,575651,2915,0,300,8,0.0,210,181925,12962,5097108,605958
121,122,547465,609,3219,576127,2923,0,284,10,0.0,203,184848,12972,5100327,606242
122,123,547213,586,3042,576575,2927,0,280,16,0.0,199,187775,12988,5103369,606522
123,124,546958,569,2898,576989,2929,0,285,13,0.0,200,190704,13001,5106267,606807
124,125,546736,512,2775,577389,2931,0,246,6,0.0,192,193635,13007,5109042,607053
125,126,546504,510,2630,577764,2935,0,253,9,0.0,188,196570,13016,5111672,607306
126,127,546305,468,2508,578124,2938,0,232,10,0.0,184,199508,13026,5114180,607538
127,128,546124,444,2381,578455,2939,0,218,13,0.0,190,202447,13039,5116561,607756
128,129,545938,434,2220,578810,2941,0,208,5,0.0,182,205388,13044,5118781,607964
129,130,545774,403,2143,579081,2942,0,189,10,0.0,184,208330,13054,5120924,608153
130,131,545621,384,2028,579369,2941,0,176,7,0.0,181,211271,13061,5122952,608329
131,132,545468,374,1925,579632,2944,0,173,12,0.0,180,214215,13073,5124877,608502
132,133,545334,344,1842,579876,2947,0,153,6,0.0,175,217162,13079,5126719,608655
133,134,545194,329,1740,580128,2952,0,158,4,0.0,166,220114,13083,5128459,608813
134,135,545057,317,1641,580372,2956,0,156,7,0.0,165,223070,13090,5130100,608969
135,136,544930,306,1579,580570,2958,0,158,11,0.0,165,226028,13101,5131679,609127
136,137,544802,300,1480,580802,2959,0,142,3,0.0,156,228987,13104,5133159,609269
137,138,544679,275,1426,580997,2966,0,136,10,0.0,157,231953,13114,5134585,609405
138,139,544565,256,1361,581191,2970,0,129,1,0.0,151,234923,13115,5135946,609534
139,140,544453,256,1298,581363,2973,0,127,5,0.0,151,237896,13120,5137244,609661
140,141,544359,226,1262,581522,2974,0,104,2,0.0,146,240870,13122,5138506,609765
141,142,544254,217,1227,581670,2975,0,119,5,0.0,145,243845,13127,5139733,609884
142,143,544162,209,1160,581836,2976,0,113,1,0.0,134,246821,13128,5140893,609997
143,144,544065,209,1112,581981,2976,0,111,2,0.0,135,249797,13130,5142005,610108
144,145,543969,207,1049,582141,2977,0,108,3,0.0,134,252774,13133,5143054,610216
145,146,543886,197,1011,582271,2978,0,95,4,0.0,131,255752,13137,5144065,610311
146,147,543799,198,945,582423,2978,0,95,4,0.0,130,258730,13141,5145010,610406
147,148,543713,187,923,582542,2978,0,95,4,0.0,130,261708,13145,5145933,610501
148,149,543632,178,872,582681,2980,0,85,3,0.0,126,264688,13148,5146805,610586
149,150,543567,156,849,582791,2980,0,70,2,0.0,127,267668,13150,5147654,610656
150,151,543502,146,814,582901,2980,0,70,1,0.0,126,270648,13151,5148468,610726
151,152,543437,140,778,583006,2982,0,77,1,0.0,123,273630,13152,5149246,610803
152,153,543366,148,733,583113,2983,0,85,5,0.0,123,276613,13157,5149979,610888
153,154,543318,129,696,583218,2982,0,58,2,0.0,121,279595,13159,5150675,610946
154,155,543260,131,646,583324,2982,0,62,2,0.0,121,282577,13161,5151321,611008
155,156,543194,135,625,583405,2984,0,74,3,0.0,120,285561,13164,5151946,611082
156,157,543139,124,616,583480,2984,0,64,3,0.0,123,288545,13167,5152562,611146
157,158,543093,112,600,583553,2985,0,55,2,0.0,121,291530,13169,5153162,611201
158,159,543043,112,575,583628,2985,0,57,2,0.0,121,294515,13171,5153737,611258
159,160,542998,114,564,583682,2985,0,55,2,0.0,122,297500,13173,5154301,611313
160,161,542964,94,540,583760,2985,0,35,3,0.0,125,300485,13176,5154841,611348
161,162,542924,94,518,583821,2986,0,44,2,0.0,123,303471,13178,5155359,611392
162,163,542888,90,481,583897,2987,0,41,1,0.0,122,306458,13179,5155840,611433
163,164,542853,86,465,583952,2987,0,40,2,0.0,119,309445,13181,5156305,611473
164,165,542818,78,444,584016,2987,0,37,3,0.0,121,312432,13184,5156749,611510
165,166,542785,69,408,584093,2988,0,35,1,0.0,120,315420,13185,5157157,611545
166,167,542756,66,390,584143,2988,0,34,2,0.0,119,318408,13187,5157547,611579
167,168,542726,70,379,584180,2988,0,37,0,0.0,116,321396,13187,5157926,611616
168,169,542696,67,355,584236,2989,0,35,1,0.0,114,324385,13188,5158281,611651
169,170,542670,61,356,584266,2990,0,30,2,0.0,115,327375,13190,5158637,611681
170,171,542652,54,336,584311,2990,0,22,0,0.0,112,330365,13190,5158973,611703
171,172,542629,60,299,584366,2989,0,27,3,0.0,113,333354,13193,5159272,611730
172,173,542616,46,289,584403,2989,0,16,1,0.0,113,336343,13194,5159561,611746
173,174,542605,40,261,584446,2991,0,12,2,0.0,112,339334,13196,5159822,611758
174,175,542592,40,233,584487,2991,0,14,1,0.0,111,342325,13197,5160055,611772
175,176,542581,38,212,584521,2991,0,16,0,0.0,110,345316,13197,5160267,611788
176,177,542565,36,198,584553,2991,0,17,0,0.0,110,348307,13197,5160465,611805
177,178,542551,30,180,584590,2992,0,16,1,0.0,110,351299,13198,5160645,611821
178,179,542538,28,172,584613,2992,0,15,0,0.0,110,354291,13198,5160817,611836
179,180,542526,26,156,584643,2992,0,13,0,0.0,110,357283,13198,5160973,611849
180,181,542516,24,145,584666,2992,0,12,1,0.0,110,360275,13199,5161118,611861
181,182,542499,33,136,584681,2994,0,19,0,0.0,107,363269,13199,5161254,611880
182,183,542493,20,137,584699,2994,0,6,0,0.0,106,366263,13199,5161391,611886
183,184,542486,19,124,584720,2994,0,7,0,0.0,106,369257,13199,5161515,611893
184,185,542473,22,118,584736,2994,0,14,0,0.0,104,372251,13199,5161633,611907
185,186,542468,12,116,584751,2996,0,5,0,0.0,101,375247,13199,5161749,611912
186,187,542452,24,107,584764,2996,0,17,0,0.0,101,378243,13199,5161856,611929
187,188,542442,17,102,584786,2996,0,11,0,0.0,101,381239,13199,5161958,611940
188,189,542433,15,102,584797,2996,0,9,0,0.0,101,384235,13199,5162060,611949
189,190,542421,17,99,584810,2996,0,12,0,0.0,101,387231,13199,5162159,611961
190,191,542416,10,90,584831,2996,0,5,1,0.0,102,390227,13200,5162249,611966
191,192,542407,13,83,584844,2996,0,9,0,0.0,102,393223,13200,5162332,611975
192,193,542399,13,82,584853,2996,0,9,0,0.0,102,396219,13200,5162414,611984
193,194,542387,17,75,584868,2996,0,14,0,0.0,102,399215,13200,5162489,611998
194,195,542381,12,76,584878,2996,0,7,0,0.0,102,402211,13200,5162565,612005
195,196,542370,17,74,584886,2996,0,11,0,0.0,102,405207,13200,5162639,612016
196,197,542364,11,81,584891,2996,0,7,0,0.0,102,408203,13200,5162720,612023
197,198,542357,13,76,584901,2996,0,8,0,0.0,101,411199,13200,5162796,612031
198,199,542352,11,75,584909,2996,0,6,0,0.0,101,414195,13200,5162871,612037
199,200,542347,11,73,584916,2996,0,5,1,0.0,102,417191,13201,5162944,612042
200,201,542345,8,68,584926,2996,0,3,0,0.0,102,420187,13201,5163012,612045
201,202,542340,11,65,584931,2996,0,6,0,0.0,102,423183,13201,5163077,612051
202,203,542338,7,63,584939,2996,0,2,0,0.0,102,426179,13201,5163140,612053
203,204,542336,9,54,584948,2996,0,4,0,0.0,102,429175,13201,5163194,612057
204,205,542334,7,46,584960,2996,0,2,0,0.0,102,432171,13201,5163240,612059
205,206,542333,7,35,584972,2996,0,2,1,0.0,103,435167,13202,5163275,612061
206,207,542332,8,26,584981,2996,0,3,0,0.0,103,438163,13202,5163301,612064
207,208,542332,6,25,584984,2996,0,0,0,0.0,103,441159,13202,5163326,612064
208,209,542330,7,23,584987,2996,0,2,0,0.0,103,444155,13202,5163349,612066
209,210,542326,9,19,584993,2996,0,4,1,0.0,102,447151,13203,5163368,612070
210,211,542325,4,23,584995,2996,0,1,0,0.0,102,450147,13203,5163391,612071
211,212,542325,3,18,585001,2996,0,0,0,0.0,102,453143,13203,5163409,612071
212,213,542322,6,16,585003,2996,0,3,0,0.0,102,456139,13203,5163425,612074
213,214,542320,4,16,585007,2996,0,2,0,0.0,102,459135,13203,5163441,612076
214,215,542316,7,15,585009,2996,0,5,0,0.0,101,462131,13203,5163456,612081
215,216,542315,4,18,585010,2996,0,2,0,0.0,101,465127,13203,5163474,612083
216,217,542314,4,15,585014,2996,0,1,0,0.0,101,468123,13203,5163489,612084
217,218,542312,5,14,585016,2996,0,2,0,0.0,101,471119,13203,5163503,612086
218,219,542310,4,14,585019,2996,0,2,0,0.0,101,474115,13203,5163517,612088
219,220,542308,4,13,585022,2996,0,2,0,0.0,101,477111,13203,5163530,612090
220,221,542306,4,14,585023,2996,0,2,0,0.0,101,480107,13203,5163544,612092
221,222,542304,4,16,585023,2996,0,2,0,0.0,101,483103,13203,5163560,612094
222,223,542303,3,18,585023,2996,0,1,0,0.0,101,486099,13203,5163578,612095
223,224,542302,2,20,585023,2996,0,1,0,0.0,101,489095,13203,5163598,612096
224,225,542300,3,18,585026,2996,0,2,0,0.0,101,492091,13203,5163616,612098
225,226,542299,1,17,585030,2996,0,1,0,0.0,101,495087,13203,5163633,612099
226,227,542296,4,14,585033,2996,0,4,0,0.0,101,498083,13203,5163647,612103
227,228,542295,2,14,585036,2996,0,1,0,0.0,101,501079,13203,5163661,612104
228,229,542295,1,14,585037,2996,0,0,0,0.0,101,504075,13203,5163675,612104
229,230,542293,3,13,585038,2996,0,2,0,0.0,101,507071,13203,5163688,612106
230,231,542292,2,14,585039,2996,0,1,0,0.0,101,510067,13203,5163702,612107
231,232,542291,2,13,585041,2996,0,1,0,0.0,101,513063,13203,5163715,612108
232,233,542290,2,10,585045,2996,0,1,0,0.0,101,516059,13203,5163725,612109
233,234,542290,2,10,585045,2996,0,1,0,0.0,101,519055,13203,5163735,612110
234,235,542289,3,10,585045,2996,0,1,0,0.0,101,522051,13203,5163745,612111
235,236,542287,4,10,585046,2996,0,2,0,0.0,101,525047,13203,5163755,612113
236,237,542286,2,12,585047,2996,0,1,0,0.0,101,528043,13203,5163767,612114
237,238,542286,1,8,585052,2996,0,0,0,0.0,101,531039,13203,5163775,612114
238,239,542284,3,7,585053,2996,0,2,0,0.0,101,534035,13203,5163782,612116
239,240,542283,2,9,585053,2996,0,1,0,0.0,101,537031,13203,5163791,612117
240,241,542282,2,9,585054,2996,0,1,0,0.0,101,540027,13203,5163800,612118
241,242,542280,2,11,585054,2996,0,2,0,0.0,101,543023,13203,5163811,612120
242,243,542280,0,12,585055,2996,0,0,0,0.0,101,546019,13203,5163823,612120
243,244,542280,0,10,585057,2996,0,0,0,0.0,101,549015,13203,5163833,612120
244,245,542276,4,9,585058,2996,0,4,0,0.0,101,552011,13203,5163842,612124
245,246,542276,0,12,585059,2996,0,0,0,0.0,101,555007,13203,5163854,612124
246,247,542276,0,12,585059,2996,0,0,0,0.0,101,558003,13203,5163866,612124
247,248,542276,0,9,585062,2996,0,0,0,0.0,101,560999,13203,5163875,612124
248,249,542276,0,8,585063,2996,0,0,0,0.0,101,563995,13203,5163883,612124
249,250,542275,1,6,585065,2996,0,1,0,0.0,101,566991,13203,5163889,612125
250,251,542274,1,5,585067,2996,0,1,0,0.0,101,569987,13203,5163894,612126
251,252,542272,2,6,585067,2996,0,2,0,0.0,101,572983,13203,5163900,612128
252,253,542272,0,8,585067,2996,0,0,0,0.0,101,575979,13203,5163908,612128
253,254,542271,1,7,585068,2996,0,1,0,0.0,101,578975,13203,5163915,612129
254,255,542271,0,5,585071,2996,0,0,0,0.0,101,581971,13203,5163920,612129
255,256,542271,0,5,585071,2996,0,0,0,0.0,101,584967,13203,5163925,612129
256,257,542271,0,5,585071,2996,0,0,0,0.0,101,587963,13203,5163930,612129
257,258,542270,1,5,585071,2996,0,1,0,0.0,101,590959,13203,5163935,612130
258,259,542270,0,6,585071,2996,0,0,0,0.0,101,593955,13203,5163941,612130
259,260,542270,0,6,585071,2996,0,0,0,0.0,101,596951,13203,5163947,612130
260,261,542270,0,5,585072,2996,0,0,0,0.0,101,599947,13203,5163952,612130
261,262,542268,2,3,585074,2996,0,2,0,0.0,101,602943,13203,5163955,612132
262,263,542268,0,4,585075,2996,0,0,0,0.0,101,605939,13203,5163959,612132
263,264,542268,0,4,585075,2996,0,0,0,0.0,101,608935,13203,5163963,612132
264,265,542268,0,4,585075,2996,0,0,0,0.0,101,611931,13203,5163967,612132
265,266,542267,1,4,585075,2996,0,1,0,0.0,101,614927,13203,5163971,612133
266,267,542267,0,3,585077,2996,0,0,0,0.0,101,617923,13203,5163974,612133
267,268,542267,0,3,585077,2996,0,0,0,0.0,101,620919,13203,5163977,612133
268,269,542266,1,3,585077,2996,0,1,0,0.0,101,623915,13203,5163980,612134
269,270,542266,0,3,585078,2996,0,0,0,0.0,101,626911,13203,5163983,612134
270,271,542266,0,2,585079,2996,0,0,0,0.0,101,629907,13203,5163985,612134
271,272,542266,0,2,585079,2996,0,0,0,0.0,101,632903,13203,5163987,612134
272,273,542266,0,2,585079,2996,0,0,0,0.0,101,635899,13203,5163989,612134
273,274,542266,0,2,585079,2996,0,0,0,0.0,101,638895,13203,5163991,612134
274,275,542266,0,2,585079,2996,0,0,0,0.0,101,641891,13203,5163993,612134
275,276,542266,0,2,585079,2996,0,0,0,0.0,101,644887,13203,5163995,612134
276,277,542266,0,1,585080,2996,0,0,0,0.0,101,647883,13203,5163996,612134
277,278,542266,0,1,585080,2996,0,0,0,0.0,101,650879,13203,5163997,612134
278,279,542266,0,1,585080,2996,0,0,0,0.0,101,653875,13203,5163998,612134
279,280,542266,0,1,585080,2996,0,0,0,0.0,101,656871,13203,5163999,612134
280,281,542265,1,1,585080,2996,0,1,0,0.0,101,659867,13203,5164000,612135
281,282,542264,1,2,585080,2996,0,1,0,0.0,101,662863,13203,5164002,612136
282,283,542264,0,3,585080,2996,0,0,0,0.0,101,665859,13203,5164005,612136
283,284,542264,0,2,585081,2996,0,0,0,0.0,101,668855,13203,5164007,612136
284,285,542264,0,2,585081,2996,0,0,0,0.0,101,671851,13203,5164009,612136
285,286,542264,0,2,585081,2996,0,0,0,0.0,101,674847,13203,5164011,612136
286,287,542262,2,2,585081,2996,0,2,0,0.0,101,677843,13203,5164013,612138
287,288,542261,1,4,585081,2996,0,1,0,0.0,101,680839,13203,5164017,612139
288,289,542261,0,4,585082,2996,0,0,0,0.0,101,683835,13203,5164021,612139
289,290,542260,1,3,585083,2996,0,1,0,0.0,101,686831,13203,5164024,612140
290,291,542259,1,4,585083,2996,0,1,0,0.0,101,689827,13203,5164028,612141
291,292,542258,1,5,585083,2996,0,1,0,0.0,101,692823,13203,5164033,612142
292,293,542258,0,6,585083,2996,0,0,0,0.0,101,695819,13203,5164039,612142
293,294,542258,0,5,585084,2996,0,0,0,0.0,101,698815,13203,5164044,612142
294,295,542258,0,4,585085,2996,0,0,0,0.0,101,701811,13203,5164048,612142
295,296,542256,2,4,585085,2996,0,2,0,0.0,101,704807,13203,5164052,612144
296,297,542256,0,5,585086,2996,0,0,0,0.0,101,707803,13203,5164057,612144
297,298,542256,0,5,585086,2996,0,0,1,0.0,102,710799,13204,5164062,612144
298,299,542255,1,5,585086,2996,0,1,0,0.0,102,713795,13204,5164067,612145
299,300,542255,0,6,585086,2996,0,0,0,0.0,102,716791,13204,5164073,612145
300,301,542253,2,6,585086,2996,0,2,0,0.0,102,719787,13204,5164079,612147
301,302,542252,1,7,585087,2996,0,1,0,0.0,102,722783,13204,5164086,612148
302,303,542251,1,8,585087,2996,0,1,0,0.0,102,725779,13204,5164094,612149
303,304,542251,0,8,585088,2996,0,0,0,0.0,102,728775,13204,5164102,612149
304,305,542251,0,7,585089,2996,0,0,0,0.0,102,731771,13204,5164109,612149
305,306,542251,0,7,585089,2996,0,0,0,0.0,102,734767,13204,5164116,612149
306,307,542251,0,7,585089,2996,0,0,0,0.0,102,737763,13204,5164123,612149
307,308,542251,0,6,585090,2996,0,0,0,0.0,102,740759,13204,5164129,612149
308,309,542251,0,5,585091,2996,0,0,0,0.0,102,743755,13204,5164134,612149
309,310,542250,1,5,585091,2996,0,1,0,0.0,102,746751,13204,5164139,612150
310,311,542250,0,6,585091,2996,0,0,0,0.0,102,749747,13204,5164145,612150
311,312,542250,0,5,585092,2996,0,0,0,0.0,102,752743,13204,5164150,612150
312,313,542250,1,4,585092,2996,0,1,0,0.0,102,755739,13204,5164154,612151
313,314,542250,1,4,585092,2996,0,0,0,0.0,102,758735,13204,5164158,612151
314,315,542249,2,1,585095,2996,0,1,0,0.0,101,761731,13204,5164159,612152
315,316,542248,2,2,585095,2996,0,1,0,0.0,101,764727,13204,5164161,612153
316,317,542247,2,2,585096,2996,0,1,0,0.0,101,767723,13204,5164163,612154
317,318,542247,1,3,585096,2996,0,0,0,0.0,101,770719,13204,5164166,612154
318,319,542247,1,3,585096,2996,0,0,0,0.0,101,773715,13204,5164169,612154
319,320,542247,1,3,585096,2996,0,0,0,0.0,101,776711,13204,5164172,612154
320,321,542246,2,3,585096,2996,0,1,0,0.0,101,779707,13204,5164175,612155
321,322,542246,1,4,585096,2996,0,0,0,0.0,101,782703,13204,5164179,612155
322,323,542246,1,4,585096,2996,0,0,0,0.0,101,785699,13204,5164183,612155
323,324,542246,1,3,585097,2996,0,0,0,0.0,101,788695,13204,5164186,612155
324,325,542246,0,4,585097,2996,0,0,0,0.0,101,791691,13204,5164190,612155
325,326,542246,0,3,585098,2996,0,0,0,0.0,101,794687,13204,5164193,612155
326,327,542246,0,0,585101,2996,0,0,0,0.0,101,797683,13204,5164193,612155
327,328,542246,0,0,585101,2996,0,0,0,0.0,101,800679,13204,5164193,612155
328,329,542246,0,0,585101,2996,0,0,0,0.0,101,803675,13204,5164193,612155
329,330,542246,0,0,585101,2996,0,0,0,0.0,101,806671,13204,5164193,612155
330,331,542246,0,0,585101,2996,0,0,0,0.0,101,809667,13204,5164193,612155
331,332,542246,0,0,585101,2996,0,0,0,0.0,101,812663,13204,5164193,612155
332,333,542246,0,0,585101,2996,0,0,0,0.0,101,815659,13204,5164193,612155
333,334,542246,0,0,585101,2996,0,0,0,0.0,101,818655,13204,5164193,612155
334,335,542246,0,0,585101,2996,0,0,0,0.0,101,821651,13204,5164193,612155
335,336,542246,0,0,585101,2996,0,0,0,0.0,101,824647,13204,5164193,612155
336,337,542246,0,0,585101,2996,0,0,0,0.0,101,827643,13204,5164193,612155
337,338,542246,0,0,585101,2996,0,0,0,0.0,101,830639,13204,5164193,612155
338,339,542246,0,0,585101,2996,0,0,0,0.0,101,833635,13204,5164193,612155
339,340,542246,0,0,585101,2996,0,0,0,0.0,101,836631,13204,5164193,612155
340,341,542246,0,0,585101,2996,0,0,0,0.0,101,839627,13204,5164193,612155
341,342,542246,0,0,585101,2996,0,0,0,0.0,101,842623,13204,5164193,612155
342,343,542246,0,0,585101,2996,0,0,0,0.0,101,845619,13204,5164193,612155
343,344,542246,0,0,585101,2996,0,0,0,0.0,101,848615,13204,5164193,612155
344,345,542246,0,0,585101,2996,0,0,0,0.0,101,851611,13204,5164193,612155
345,346,542246,0,0,585101,2996,0,0,0,0.0,101,854607,13204,5164193,612155
346,347,542246,0,0,585101,2996,0,0,0,0.0,101,857603,13204,5164193,612155
347,348,542246,0,0,585101,2996,0,0,0,0.0,101,860599,13204,5164193,612155
348,349,542246,0,0,585101,2996,0,0,0,0.0,101,863595,13204,5164193,612155
349,350,542246,0,0,585101,2996,0,0,0,0.0,101,866591,13204,5164193,612155
350,351,542246,0,0,585101,2996,0,0,0,0.0,101,869587,13204,5164193,612155
351,352,542246,0,0,585101,2996,0,0,0,0.0,101,872583,13204,5164193,612155
352,353,542246,0,0,585101,2996,0,0,0,0.0,101,875579,13204,5164193,612155
353,354,542246,0,0,585101,2996,0,0,0,0.0,101,878575,13204,5164193,612155
354,355,542246,0,0,585101,2996,0,0,0,0.0,101,881571,13204,5164193,612155
355,356,542246,0,0,585101,2996,0,0,0,0.0,101,884567,13204,5164193,612155
356,357,542246,0,0,585101,2996,0,0,0,0.0,101,887563,13204,5164193,612155
357,358,542246,0,0,585101,2996,0,0,0,0.0,101,890559,13204,5164193,612155
358,359,542246,0,0,585101,2996,0,0,0,0.0,101,893555,13204,5164193,612155
359,360,542246,0,0,585101,2996,0,0,0,0.0,101,896551,13204,5164193,612155
360,361,542246,0,0,585101,2996,0,0,0,0.0,101,899547,13204,5164193,612155
361,362,542246,0,0,585101,2996,0,0,0,0.0,101,902543,13204,5164193,612155
362,363,542246,0,0,585101,2996,0,0,0,0.0,101,905539,13204,5164193,612155
363,364,542246,0,0,585101,2996,0,0,0,0.0,101,908535,13204,5164193,612155
364,365,542246,0,0,585101,2996,0,0,0,0.0,101,911531,13204,5164193,612155
